5
4.999822146
4.999643161
4.999464432
4.999283181
4.999101989
4.9989232
4.998756466
4.998577569
4.998396658
4.998215908
4.998036584
4.99785886
4.9976809
4.99750262
4.99732414
4.99714479
4.9969648
4.99678508
4.99661572
4.99643628
4.99625702
4.99607823
4.99589988
4.9957213
4.99554215
4.99536226
4.99518233
4.99500329
4.99483529
4.9946575
4.99447983
4.99430342
4.99412821
4.9939612
4.99378849
4.99362252
4.99346334
4.99332186
4.99314158
4.99302627
4.99283061
4.99259235
4.99232771
4.9920004
4.99166661
4.99127839
4.99083511
4.9903174
4.98987799
4.98939192
4.98893089
4.98835497
4.98785313
4.98729943
4.98677624
4.98617348
4.98558169
4.98500409
4.98438655
4.98380969
4.98313634
4.98252016
4.98182362
4.98114138
4.98053323
4.97984869
4.9791301
4.9784936
4.9777833
4.9771359
4.9763672
4.9756287
4.9749281
4.9741649
4.9734284
4.9726909
4.971936
4.9711337
4.9703652
4.9695043
4.9687544
4.9679412
4.9671446
4.966372
4.9655
4.9646554
4.9638266
4.9630864
4.9622271
4.9613549
4.9605708
4.959586
4.9587496
4.957835
4.9570237
4.9561868
4.9552593
4.9544365
4.9534978
4.9526669
4.951713
4.9507597
4.9498494
4.9489575
4.947998
4.9470715
4.9460841
4.9451993
4.9442275
4.9432934
4.9423017
4.9413288
4.9403636
4.9392793
4.9382991
4.9372842
4.9363157
4.9353165
4.9343726
4.9332856
4.9322887
4.9312169
4.9301972
4.9291487
4.9281864
4.9271241
4.926111
4.9249902
4.924031
4.9228871
4.9219367
4.9208946
4.9198564
4.918761
4.9176915
4.9165303
4.9154274
4.9142425
4.913119
4.9121594
4.9109614
4.9096874
4.9086334
4.9075086
4.9064305
4.905275
4.904192
4.9030712
4.9019651
4.9007132
4.8996215
4.8984304
4.8972664
4.8961291
4.8949682
4.8937762
4.8925153
4.8913408
4.8901588
4.8889791
4.8877531
4.8865922
4.8854011
4.8842349
4.8829846
4.8817673
4.8805367
4.8793141
4.8780115
4.8768483
4.8755929
4.8743809
4.8731417
4.8719027
4.8706359
4.8693256
4.8681163
4.8667417
4.8654661
4.864146
4.8628508
4.86165
4.860396
4.8589993
4.8577459
4.8563947
4.8551449
4.853805
4.8524499
4.8511275
4.849727
4.8483698
4.8469583
4.8455856
4.844147
4.8427733
4.8413712
4.8399915
4.8386142
4.837292
4.8358688
4.8345675
4.8331826
4.8317892
4.8303862
4.8289441
4.8275028
4.8261618
4.8247609
4.8233282
4.8218299
4.8204013
4.8190381
4.8175066
4.8160132
4.8145715
4.8130665
4.8116436
4.8101765
4.8087256
4.807113
4.8056635
4.8041363
4.8025721
4.8009865
4.7993426
4.797854
4.796262
4.794644
4.792952
4.791392
4.789783
4.788104
4.786563
4.785013
4.783335
4.781715
4.780145
4.778371
4.776702
4.775127
4.773455
4.771809
4.770023
4.768325
4.766662
4.764931
4.763197
4.761436
4.759701
4.75786
4.756031
4.754232
4.752325
4.750541
4.748754
4.746899
4.745011
4.743213
4.741361
4.739489
4.737535
4.735623
4.733723
4.731819
4.729878
4.727889
4.725898
4.72379
4.721781
4.719605
4.71761
4.715398
4.713291
4.711186
4.709145
4.706954
4.704911
4.702715
4.70061
4.698342
4.695996
4.693766
4.69148
4.689265
4.686943
4.684533
4.68223
4.679871
4.677285
4.674935
4.672487
4.669871
4.667325
4.664695
4.66205
4.659349
4.65672
4.653944
4.651191
4.648469
4.645717
4.64285
4.640091
4.637189
4.634377
4.631494
4.62849
4.62542
4.622342
4.619294
4.616046
4.61295
4.609627
4.606409
4.603089
4.599625
4.596251
4.592798
4.589226
4.585749
4.582029
4.578289
4.574552
4.570705
4.56684
4.562749
4.558808
4.554699
4.550583
4.546344
4.542164
4.53789
4.533512
4.529135
4.524684
4.520064
4.515342
4.510556
4.505772
4.500833
4.495883
4.49079
4.485633
4.480438
4.475181
4.469692
4.464403
4.458833
4.453139
4.447711
4.44207
4.436173
4.430265
4.424169
4.418216
4.412128
4.40588
4.399621
4.393395
4.387055
4.380728
4.374181
4.367568
4.360821
4.354357
4.347539
4.3408
4.333873
4.327035
4.320044
4.312985
4.306055
4.298942
4.291834
4.284839
4.277298
4.270143
4.262678
4.255516
4.248255
4.240546
4.233022
4.225501
4.217894
4.210387
4.202507
4.195091
4.187353
4.1794
4.171448
4.16364
4.155755
4.147867
4.139971
4.131895
4.123965
4.115914
4.107704
4.099535
4.091432
4.08332
4.074989
4.066774
4.058232
4.049933
4.041629
4.033069
4.024779
4.016434
4.007957
3.999392
3.990804
3.982328
3.97376
3.965073
3.956447
3.947735
3.939143
3.93038
3.921713
3.913016
3.904237
3.8955
3.886398
3.877823
3.86886
3.860084
3.85107
3.842208
3.83333
3.824377
3.815542
3.806412
3.797459
3.788539
3.779483
3.770569
3.761693
3.752489
3.743481
3.734287
3.725338
3.716492
3.707328
3.698321
3.68905
3.679991
3.670949
3.661764
3.652527
3.643478
3.634321
3.625076
3.616017
3.606748
3.597697
3.588529
3.579525
3.570172
3.560846
3.551665
3.542502
3.533255
3.524126
3.514816
3.50558
3.496488
3.487041
3.477839
3.468577
3.459242
3.450044
3.44099
3.43125
3.422139
3.412767
3.403563
3.394223
3.384736
3.375397
3.366157
3.356589
3.34716
3.337638
3.328301
3.318832
3.309322
3.299953
3.290453
3.281023
3.271377
3.261748
3.25233
3.242719
3.233231
3.223277
3.213633
3.204086
3.194215
3.184618
3.174784
3.164879
3.155159
3.145376
3.135471
3.125313
3.115567
3.105278
3.095505
3.085523
3.075478
3.065487
3.055634
3.045304
3.035138
3.025006
3.014755
3.00435
2.99431
2.98382
2.97353
2.96328
2.95294
2.94251
2.93187
2.9216
2.91107
2.90089
2.89029
2.87976
2.86933
2.85865
2.8483
2.83771
2.82706
2.8166
2.8063
2.7957
2.78507
2.7747
2.76417
2.75367
2.74328
2.73255
2.72213
2.71171
2.70133
2.69096
2.68029
2.66991
2.6595
2.64897
2.63858
2.62837
2.61798
2.60764
2.59735
2.58708
2.57673
2.56626
2.55631
2.54601
2.53586
2.52545
2.51548
2.50534
2.49521
2.48526
2.47509
2.4649
2.45494
2.44508
2.43511
2.42516
2.41524
2.40529
2.3956
2.38599
2.37588
2.36609
2.35669
2.34713
2.33718
2.32765
2.31818
2.30856
2.29911
2.28964
2.28004
2.27063
2.26119
2.25197
2.24254
2.23325
2.22385
2.2149
2.20558
2.19654
2.18719
2.18718
