0.0011
   -0.0005
    0.0001
    0.0036
    0.0070
    0.0084
    0.0125
    0.0180
    0.0285
    0.0302
    0.0374
    0.0411
    0.0419
    0.0502
    0.0520
    0.0568
    0.0594
    0.0625
    0.0673
    0.0709
    0.0750
    0.0785
    0.0819
    0.0841
    0.0879
    0.0915
    0.0959
    0.0977
    0.1008
    0.1037
    0.1069
    0.1081
    0.1116
    0.1149
    0.1174
    0.1204
    0.1222
    0.1254
    0.1277
    0.1317
    0.1344
    0.1357
    0.1372
    0.1401
    0.1433
    0.1459
    0.1481
    0.1499
    0.1535
    0.1563
    0.1589
    0.1589
    0.1637
    0.1709
    0.1678
    0.1725
    0.1730
    0.1783
    0.1789
    0.1827
    0.1842
    0.1878
    0.1887
    0.1919
    0.1946
    0.1965
    0.1996
    0.2020
    0.2046
    0.2088
    0.2121
    0.2138
    0.2133
    0.2208
    0.2259
    0.2296
    0.2319
    0.2379
    0.2439
    0.2478
    0.2552
    0.2599
    0.2622
    0.2699
    0.2760
    0.2841
    0.2885
    0.3001
    0.3039
    0.3093
    0.3179
    0.3240
    0.3329
    0.3408
    0.3500
    0.3577
    0.3659
    0.3750
    0.3838
    0.3964
    0.4059
    0.4160
    0.4250
    0.4351
    0.4441
    0.4541
    0.4643
    0.4734
    0.4844
    0.4924
    0.5036
    0.5145
    0.5249
    0.5348
    0.5457
    0.5565
    0.5673
    0.5781
    0.5884
    0.5996
    0.6102
    0.6200
    0.6317
    0.6423
    0.6564
    0.6643
    0.6752
    0.6854
    0.6982
    0.7104
    0.7202
    0.7333
    0.7442
    0.7553
    0.7655
    0.7786
    0.7896
    0.8007
    0.8107
    0.8215
    0.8355
    0.8452
    0.8572
    0.8687
    0.8812
    0.8940
    0.9054
    0.9173
    0.9290
    0.9411
    0.9534
    0.9655
    0.9773
    0.9881
    1.0018
    1.0132
    1.0266
    1.0375
    1.0497
    1.0627
    1.0739
    1.0875
    1.0998
    1.1127
    1.1232
    1.1367
    1.1498
    1.1621
    1.1745
    1.1872
    1.1990
    1.2115
    1.2263
    1.2377
    1.2497
    1.2616
    1.2751
    1.2885
    1.3015
    1.3149
    1.3271
    1.3399
    1.3523
    1.3668
    1.3789
    1.3917
    1.4039
    1.4176
    1.4297
    1.4445
    1.4563
    1.4689
    1.4844
    1.4964
    1.5101
    1.5211
    1.5373
    1.5503
    1.5643
    1.5773
    1.5905
    1.6045
    1.6167
    1.6304
    1.6440
    1.6549
    1.6678
    1.6830
    1.6968
    1.7092
    1.7234
    1.7381
    1.7537
    1.7667
    1.7799
    1.7927
    1.8062
    1.8198
    1.8332
    1.8475
    1.8617
    1.8753
    1.8900
    1.9022
    1.9173
    1.9307
    1.9442
    1.9579
    1.9713
    1.9853
    1.9994
    2.0119
    2.0251
    2.0403
    2.0542
    2.0683
    2.0813
    2.0953
    2.1104
    2.1237
    2.1385
    2.1514
    2.1682
    2.1798
    2.1939
    2.2082
    2.2232
    2.2352
    2.2503
    2.2650
    2.2805
    2.2943
    2.3089
    2.3220
    2.3354
    2.3516
    2.3644
    2.3780
    2.3929
    2.4077
    2.4234
    2.4369
    2.4535
    2.4658
    2.4783
    2.4946
    2.5070
    2.5222
    2.5380
    2.5525
    2.5663
    2.5805
    2.5951
    2.6104
    2.6256
    2.6387
    2.6536
    2.6683
    2.6836
    2.6983
    2.7128
    2.7278
    2.7414
    2.7568
    2.7708
    2.7863
    2.8005
    2.8158
    2.8294
    2.8436
    2.8584
    2.8733
    2.8876
    2.9031
    2.9190
    2.9341
    2.9467
    2.9633
    2.9783
    2.9929
    3.0090
    3.0230
    3.0391
    3.0529
    3.0674
    3.0829
    3.0968
    3.1123
    3.1276
    3.1434
    3.1571
    3.1700
    3.1860
    3.2025
    3.2156
    3.2322
    3.2477
    3.2618
    3.2772
    3.2920
    3.3087
    3.3229
    3.3381
    3.3528
    3.3675
    3.3822
    3.3974
    3.4131
    3.4286
    3.4442
    3.4563
    3.4706
    3.4905
    3.5042
    3.5202
    3.5360
    3.5497
    3.5661
    3.5792
    3.5965
    3.6114
    3.6267
    3.6416
    3.6566
    3.6718
    3.6872
    3.7028
    3.7181
    3.7324
    3.7487
    3.7653
    3.7788
    3.7945
    3.8113
    3.8250
    3.8408
    3.8574
    3.8723
    3.8878
    3.9036
    3.9185
    3.9342
    3.9493
    3.9659
    3.9810
    3.9951
    4.0125
    4.0274
    4.0424
    4.0593
    4.0744
    4.0900
    4.1047
    4.1215
    4.1384
    4.1532
    4.1693
    4.1856
    4.2010
    4.2170
    4.2326
    4.2482
    4.2645
    4.2807
    4.2964
    4.3110
    4.3267
    4.3431
    4.3606
    4.3767
    4.3927
    4.4078
    4.4254
    4.4423
    4.4584
    4.4741
    4.4915
    4.5085
    4.5240
    4.5415
    4.5583
    4.5746
    4.5924
    4.6093
    4.6261
    4.6431
    4.6606
    4.6776
    4.6951
    4.7126
    4.7302
    4.7469
    4.7650
    4.7833
    4.8014
    4.8178
    4.8368
    4.8537
    4.8726
    4.8902
    4.9093
    4.9261
    4.9452
    4.9632
    4.9814
    4.9994
    5.0175
    5.0358
    5.0550
    5.0741
    5.0922
    5.1109
    5.1301
    5.1483
    5.1676
    5.1870
    5.2054
    5.2257
    5.2424
    5.2639
    5.2823
    5.3004
    5.3196
    5.3407
    5.3605
    5.3786
    5.3981
    5.4174
    5.4362
    5.4578
    5.4772
    5.4968
    5.5181
    5.5387
    5.5573
    5.5775
    5.5977
    5.6177
    5.6387
    5.6604
    5.6824
    7.1632
    7.1760
    7.1922
    7.2107
    7.2183
    7.2195
    7.2191
    7.2193