0
0.0073
0.0146
0.0218
0.0291
0.0353
0.0425
0.0496
0.0567
0.064
0.0713
0.0786
0.0858
0.0931
0.1004
0.1067
0.1139
0.1212
0.1284
0.1356
0.1428
0.15
0.1571
0.1643
0.1715
0.1788
0.1861
0.1934
0.1997
0.207
0.2142
0.2215
0.2287
0.236
0.2433
0.2507
0.2583
0.2672
0.2763
0.2858
0.2968
0.3081
0.3199
0.3329
0.3462
0.3597
0.3734
0.3881
0.402
0.417
0.4322
0.4461
0.4613
0.4765
0.4917
0.5069
0.5212
0.5365
0.5518
0.5671
0.5825
0.5989
0.6143
0.6297
0.6452
0.6606
0.6761
0.6917
0.7071
0.7236
0.7392
0.7547
0.7704
0.7859
0.8024
0.818
0.8336
0.8492
0.8659
0.8814
0.897
0.9136
0.9293
0.9449
0.9605
0.9772
0.9929
1.0085
1.0252
1.0408
1.0565
1.0731
1.089
1.1057
1.1214
1.137
1.1536
1.1694
1.1862
1.2019
1.2176
1.2342
1.2501
1.2659
1.2826
1.2983
1.315
1.3308
1.3464
1.3633
1.379
1.3958
1.4116
1.4282
1.4441
1.4598
1.4767
1.4925
1.5093
1.5251
1.5419
1.5577
1.5745
1.5902
1.6071
1.6228
1.6395
1.6555
1.6722
1.688
1.7049
1.7207
1.7375
1.7534
1.7702
1.7861
1.8018
1.8187
1.8356
1.8514
1.8672
1.884
1.8998
1.9166
1.9325
1.9494
1.9652
1.9821
1.9989
2.0147
2.0317
2.0475
2.0643
2.0803
2.0971
2.1129
2.1297
2.1456
2.1625
2.1784
2.1953
2.2111
2.228
2.2438
2.2608
2.2776
2.2934
2.3104
2.3262
2.343
2.359
2.3759
2.3918
2.4087
2.4256
2.4414
2.4584
2.4742
2.4911
2.507
2.524
2.5398
2.5567
2.5736
2.5895
2.6064
2.6222
2.6392
2.6551
2.672
2.6889
2.7048
2.7217
2.7376
2.7545
2.7705
2.7875
2.8043
2.8202
2.8371
2.8531
2.8699
2.8867
2.9027
2.9196
2.9356
2.9526
2.9685
2.9854
3.0023
3.0182
3.0353
3.0511
3.0681
3.085
3.1009
3.1178
3.1337
3.1507
3.1677
3.1836
3.2005
3.2164
3.2334
3.2503
3.2662
3.2832
3.2991
3.316
3.333
3.3489
3.3659
3.3828
3.3989
3.4158
3.4317
3.4486
3.4656
3.4815
3.4984
3.5143
3.5313
3.5482
3.5642
3.5812
3.5982
3.6141
3.6311
3.647
3.664
3.6809
3.6968
3.7137
3.7298
3.7468
3.7637
3.7796
3.7967
3.8136
3.8295
3.8465
3.8635
3.8795
3.8964
3.9124
3.9294
3.9463
3.9623
3.9793
3.9963
4.0122
4.0291
4.0452
4.0622
4.0791
4.0951
4.112
4.1291
4.145
4.1619
4.1789
4.195
4.212
4.229
4.245
4.2619
4.279
4.2949
4.3118
4.3278
4.3449
4.3617
4.3778
4.3949
4.4117
4.4278
4.4449
4.4618
4.4777
4.4948
4.5119
4.5288
4.5447
4.5618
4.5779
4.5948
4.6117
4.629
4.6449
4.6619
4.6789
4.6949
4.712
4.7289
4.745
4.762
4.779
4.7961
4.8122
4.8291
4.8462
4.8622
4.8793
4.8963
4.9124
4.9294
4.9466
4.9625
4.9795
4.9966
5.0137
5.0309
5.0468
5.0639
5.0811
5.0971
5.1141
5.1313
5.1485
5.1645
5.1816
5.1987
5.2158
5.2329
5.2491
5.2661
5.2833
5.3004
5.3175
5.3338
5.351
5.3679
5.385
5.4023
5.4194
5.4357
5.4528
5.47
5.4873
5.5045
5.5217
5.5379
5.555
5.5723
5.5895
5.6068
5.6239
5.6412
5.6584
5.6756
5.693
5.7103
5.7265
5.7437
5.7611
5.7783
5.7955
5.8129
5.8302
5.8475
5.8647
5.882
5.8994
5.9168
5.9341
5.9515
5.9688
5.9862
6.0033
6.0207
6.0382
6.0556
6.073
6.0904
6.1077
6.125
6.1424
6.1607
6.1781
6.1956
6.213
6.2305
6.2478
6.2652
6.2826
6.3003
6.3176
6.3351
6.3536
6.371
6.3884
6.4059
6.4234
6.4408
6.4582
6.4757
6.4943
6.5117
6.5293
6.5467
6.5642
6.5817
6.6003
6.6178
6.6353
6.6529
6.6704
6.6889
6.7064
6.724
6.7415
6.7591
6.7777
6.7952
6.8128
6.8304
6.849
6.8665
6.8841
6.9014
6.9201
6.9377
6.9553
6.9728
6.9903
7.0089
7.0265
7.0442
7.0618
7.0803
7.098
7.1156
7.134
7.1517
7.1693
7.1869
7.2056
7.2231
7.2407
7.2583
7.2769
7.2946
7.3122
7.3308
7.3484
7.366
7.3836
7.4022
7.4198
7.4375
7.4561
7.4737
7.4913
7.5089
7.5275
7.5453
7.5628
7.5814
7.5989
7.6166
7.6342
7.6528
7.6705
7.688
7.7057
7.7244
7.742
7.7596
7.7782
7.7957
7.8134
7.8309
7.8495
7.8672
7.8847
7.9023
7.9209
7.9385
7.9562
7.9737
7.9923
8.0099
8.0275
8.0462
8.0636
8.0813
8.0988
8.1175
8.1351
8.1527
8.1703
8.1878
8.2064
8.2239
8.2415
8.259
8.2776
8.2951
8.3127
8.3303
8.3489
8.3664
8.384
8.4015
8.42
8.4376
8.4553
8.4728
8.4903
8.5078
8.5263
8.5439
8.5614
8.579
8.5974
8.615
8.6326
8.6501
8.6675
8.686
8.7036
8.721
8.7387
8.756
8.7736
8.7922
8.8097
8.8271
8.8445
8.862
8.8796
8.8971
8.9155
8.933
8.9504
8.9679
8.9854
9.0028
9.0203
9.0377
9.0563
9.0738
9.0911
9.1086
9.126
9.1436
9.1609
9.1793
9.1969
9.2142
9.2317
9.2492
9.2666
9.284
9.3014
9.3189
9.3363
9.3548
9.372
9.3895
9.407
9.4244
9.4416
9.459
9.4766
9.4939
9.5112
9.5287
9.5461
9.5635
9.5809
9.5983
9.6157
9.634
9.6514
9.6688
9.6863
9.7034
9.7209
9.7382
9.7557
9.7557
