-1.8524e-4 0.5952
-1.8513e-4 1.7843
-1.8502e-4 2.9733
-1.8491e-4 4.1623
-1.848e-4 5.3515
6.0589e-7 6.5398
7.1605e-7 7.7288
8.2621e-7 8.918
9.3638e-7 10.107
1.0465e-6 11.2961
1.1567e-6 12.4851
1.2669e-6 13.6742
1.377e-6 14.8633
1.4872e-6 16.0523
1.5973e-6 17.2414
1.87e-4 18.4297
1.8711e-4 19.6188
1.8722e-4 20.8079
1.8733e-4 21.9969
1.8744e-4 23.186
1.8755e-4 24.375
1.8766e-4 25.5641
1.8777e-4 26.7532
1.8788e-4 27.9422
3.7328e-4 29.1306
3.7339e-4 30.3197
3.735e-4 31.5087
3.7361e-4 32.6978
3.7372e-4 33.8868
3.7383e-4 35.0759
3.7394e-4 36.265
3.7405e-4 37.454
3.7416e-4 38.6431
3.7428e-4 39.8321
5.5968e-4 41.0205
5.5979e-4 42.2096
5.599e-4 43.3986
5.6001e-4 44.5877
5.6012e-4 45.7768
5.6023e-4 46.9658
5.6034e-4 48.1549
5.6045e-4 49.3439
5.6056e-4 50.533
7.4596e-4 51.7214
7.4607e-4 52.9104
7.4618e-4 54.0995
7.4629e-4 55.2885
7.464e-4 56.4776
7.4651e-4 57.6667
7.4662e-4 58.8557
7.4673e-4 60.0448
7.4684e-4 61.2338
7.4695e-4 62.4229
9.3236e-4 63.6113
9.3247e-4 64.8003
9.3258e-4 65.9893
9.3269e-4 67.1785
9.328e-4 68.3675
9.3291e-4 69.5566
9.3302e-4 70.7456
9.3313e-4 71.9346
9.3324e-4 73.1238
1.1186e-3 74.3121
1.1187e-3 75.5011
1.1189e-3 76.6903
1.119e-3 77.8793
1.1191e-3 79.0684
1.1192e-3 80.2574
1.1193e-3 81.4465
1.1194e-3 82.6356
1.1195e-3 83.8246
1.1196e-3 85.0137
1.305e-3 86.202
1.3051e-3 87.3911
1.3053e-3 88.5802
1.3054e-3 89.7692
1.3055e-3 90.9583
1.3056e-3 92.1473
1.3057e-3 93.3364
1.3058e-3 94.5255
1.3059e-3 95.7145
1.4913e-3 96.9029
1.4914e-3 98.092
1.4915e-3 99.281
1.4916e-3 100.4701
1.4918e-3 101.6591
1.4919e-3 102.8481
1.492e-3 104.0373
1.4921e-3 105.2263
1.4922e-3 106.4154
1.4923e-3 107.6044
1.6777e-3 108.7928
1.6778e-3 109.9819
1.6779e-3 111.1709
1.678e-3 112.3599
1.6782e-3 113.5491
1.6783e-3 114.7381
1.6784e-3 115.9272
1.6785e-3 117.1162
1.6786e-3 118.3053
1.864e-3 119.4937
1.8641e-3 120.6827
1.8642e-3 121.8718
1.8643e-3 123.0608
1.8644e-3 124.2499
1.8645e-3 125.439
1.8647e-3 126.628
1.8648e-3 127.8171
1.8649e-3 129.0062
1.865e-3 130.1952
2.0504e-3 131.3836
2.0505e-3 132.5726
2.0506e-3 133.7617
2.0507e-3 134.9508
2.0508e-3 136.1398
2.0509e-3 137.3289
2.051e-3 138.5179
2.0512e-3 139.7069
2.0513e-3 140.8961
2.0514e-3 142.0851
2.2368e-3 143.2735
2.2369e-3 144.4626
2.237e-3 145.6516
2.2371e-3 146.8407
2.2372e-3 148.0297
2.2373e-3 149.2187
2.2374e-3 150.4079
2.2376e-3 151.5969
2.2377e-3 152.786
2.4231e-3 153.9743
2.4232e-3 155.1634
2.4233e-3 156.3525
2.4234e-3 157.5415
2.4235e-3 158.7306
2.4236e-3 159.9197
2.4237e-3 161.1087
2.4238e-3 162.2978
2.4239e-3 163.4868
2.4241e-3 164.6759
2.6095e-3 165.8643
2.6096e-3 167.0533
2.6097e-3 168.2424
2.6098e-3 169.4314
2.6099e-3 170.6205
2.61e-3 171.8096
2.6101e-3 172.9986
2.6102e-3 174.1877
2.6103e-3 175.3767
2.7957e-3 176.5651
2.7959e-3 177.7542
2.796e-3 178.9432
2.7961e-3 180.1323
2.7962e-3 181.3214
2.7963e-3 182.5104
2.7964e-3 183.6995
2.7965e-3 184.8885
2.7966e-3 186.0776
2.7967e-3 187.2667
2.9821e-3 188.455
2.9822e-3 189.6441
2.9824e-3 190.8332
2.9825e-3 192.0222
2.9826e-3 193.2113
2.9827e-3 194.4003
2.9828e-3 195.5894
2.9829e-3 196.7785
2.983e-3 197.9675
3.1684e-3 199.1559
3.1685e-3 200.3449
3.1686e-3 201.534
3.1688e-3 202.7231
3.1689e-3 203.9121
3.169e-3 205.1012
3.1691e-3 206.2902
3.1692e-3 207.4793
3.1693e-3 208.6684
3.1694e-3 209.8574
3.3548e-3 211.0458
3.3549e-3 212.2349
3.355e-3 213.4239
3.3551e-3 214.613
3.3553e-3 215.802
3.3554e-3 216.991
3.3555e-3 218.1802
3.3556e-3 219.3692
3.3557e-3 220.5583
3.5411e-3 221.7467
3.5412e-3 222.9357
3.5413e-3 224.1248
3.5414e-3 225.3138
3.5415e-3 226.5029
3.5417e-3 227.692
3.5418e-3 228.881
3.5419e-3 230.0701
3.542e-3 231.2591
3.5421e-3 232.4482
3.7275e-3 233.6366
3.7276e-3 234.8256
3.7277e-3 236.0147
3.7278e-3 237.2037
3.7279e-3 238.3928
3.728e-3 239.5819
3.7282e-3 240.7709
3.7283e-3 241.96
3.7284e-3 243.149
3.9138e-3 244.3374
3.9139e-3 245.5265
3.914e-3 246.7155
3.9141e-3 247.9045
3.9142e-3 249.0937
3.9143e-3 250.2827
3.9144e-3 251.4718
3.9145e-3 252.6608
3.9147e-3 253.8498
3.9148e-3 255.039
4.1002e-3 256.2273
4.1003e-3 257.4163
4.1004e-3 258.6055
4.1005e-3 259.7945
4.1006e-3 260.9836
4.286e-3 262.1719
4.4713e-3 262.1713
4.6567e-3 263.3596
4.842e-3 263.3589
5.0274e-3 264.5473
5.2127e-3 264.5466
5.3981e-3 265.7349
5.5834e-3 265.7343
5.7688e-3 266.9226
5.9541e-3 266.922
6.1395e-3 268.1104
6.3248e-3 268.1097
6.5102e-3 269.298
6.6955e-3 269.2974
6.8809e-3 270.4857
7.0662e-3 270.4849
7.2516e-3 271.6734
7.437e-3 272.8618
7.6223e-3 272.8611
7.8077e-3 274.0495
7.993e-3 274.0488
8.1784e-3 275.2371
8.3637e-3 275.2365
8.5491e-3 276.4248
8.7344e-3 276.4241
8.9198e-3 277.6125
9.105e-3 277.6118
9.2905e-3 278.8002
9.4757e-3 278.7995
9.6611e-3 279.9879
9.8464e-3 279.9872
0.01 281.1756
0.0102 281.1749
0.0104 282.3632
0.0106 282.3626
0.0108 283.5509
0.011 283.5502
0.0111 284.7386
0.0113 285.927
0.0115 285.9263
0.0117 287.1147
0.0119 287.114
0.0121 288.3024
0.0123 288.3017
0.0124 289.49
0.0126 289.4893
0.0128 290.6777
0.013 290.677
0.0132 291.8654
0.0134 291.8647
0.0136 293.0531
0.0137 293.0524
0.0139 294.2408
0.0141 294.2401
0.0143 295.4285
0.0145 295.4278
0.0147 296.616
0.0149 296.6154
0.015 297.8037
0.0152 297.8031
0.0154 298.9915
0.0156 298.9908
0.0158 300.1792
0.016 300.1785
0.0161 301.3669
0.0163 301.3662
0.0165 302.5546
0.0167 302.5539
0.0169 303.7422
0.0171 303.7415
0.0173 304.9299
0.0174 304.9292
0.0176 306.1176
0.0178 306.1169
0.018 307.3053
0.0182 307.3046
0.0184 308.4929
0.0186 308.4923
0.0187 309.6806
0.0189 309.68
0.0191 310.8683
0.0193 310.8676
0.0195 312.056
0.0197 312.0553
0.0199 313.2437
0.02 313.2429
0.0202 314.4314
0.0204 314.4307
0.0206 315.6191
0.0208 315.6183
0.021 316.8068
0.0212 316.8061
0.0213 317.9944
0.0215 317.9937
0.0217 319.1821
0.0219 319.1814
0.0221 320.3698
0.0223 320.3691
0.0225 320.3684
0.0226 321.5568
0.0228 321.5561
0.023 322.7445
0.0232 322.7438
0.0234 323.9322
0.0236 323.9315
0.0237 325.1198
0.0239 325.1192
0.0241 326.3075
0.0243 326.3068
0.0245 327.4952
0.0247 327.4945
0.0249 327.4938
0.025 328.6822
0.0252 328.6815
0.0254 329.8699
0.0256 329.8692
0.0258 331.0576
0.026 331.0569
0.0262 332.2453
0.0263 332.2446
0.0265 333.4329
0.0267 333.4322
0.0269 333.4316
0.0271 334.6199
0.0273 334.6192
0.0275 335.8075
0.0276 335.8069
0.0278 336.9952
0.028 336.9946
0.0282 338.183
0.0284 338.1823
0.0286 338.1816
0.0288 339.37
0.0289 339.3693
0.0291 340.5577
0.0293 340.557
0.0295 341.7452
0.0297 341.7447
0.0299 341.744
0.03 342.9323
0.0302 342.9316
0.0304 344.12
0.0306 344.1193
0.0308 344.1186
0.031 345.307
0.0312 345.3063
0.0313 346.4947
0.0315 346.494
0.0317 346.4933
0.0319 347.6817
0.0321 347.681
0.0323 348.8694
0.0325 348.8687
0.0326 348.8679
0.0328 350.0564
0.033 350.0557
0.0332 351.2441
0.0334 351.2434
0.0336 351.2427
0.0338 352.431
0.0339 352.4304
0.0341 353.6187
0.0343 353.6179
0.0345 353.6174
0.0347 354.8056
0.0349 354.805
0.0351 354.8044
0.0352 355.9927
0.0354 355.992
0.0356 357.1804
0.0358 357.1797
0.036 357.179
0.0362 358.3674
0.0364 358.3667
0.0365 358.366
0.0367 359.5544
0.0369 359.5537
0.0371 359.553
0.0373 360.7414
0.0375 360.7407
0.0376 360.74
0.0378 361.9284
0.038 361.9277
0.0382 361.927
0.0384 363.1154
0.0386 363.1147
0.0388 363.114
0.0389 364.3024
0.0391 364.3017
0.0393 364.301
0.0395 365.4894
0.0397 365.4887
0.0399 365.488
0.0401 366.6764
0.0402 366.6757
0.0404 366.675
0.0406 367.8634
0.0408 367.8627
0.041 367.862
0.0412 367.8613
0.0414 369.0497
0.0415 369.049
0.0417 369.0483
0.0419 370.2367
0.0421 370.236
0.0423 370.2353
0.0425 371.4237
0.0427 371.423
0.0428 371.4223
0.043 371.4216
0.0432 372.6099
0.0434 372.6093
0.0436 372.6086
0.0438 373.797
0.0439 373.7963
0.0441 373.7955
0.0443 373.7949
0.0445 374.9832
0.0447 374.9826
0.0449 374.9819
0.0451 374.9811
0.0452 376.1696
0.0454 376.1689
0.0456 376.1682
0.0458 376.1675
0.046 377.3559
0.0462 377.3552
0.0464 377.3545
0.0465 377.3538
0.0467 378.5422
0.0469 378.5415
0.0471 378.5408
0.0473 378.5401
0.0475 379.7285
0.0477 379.7278
0.0478 379.7271
0.048 379.7264
0.0482 380.9148
0.0484 380.9141
0.0486 380.9134
0.0488 380.9127
0.049 380.912
0.0491 380.9113
0.0493 382.0997
0.0495 382.099
0.0497 382.0983
0.0499 382.0977
0.0501 382.097
0.0502 383.2852
0.0504 383.2846
0.0506 383.284
0.0508 383.2833
0.051 383.2826
0.0512 384.471
0.0514 384.4703
0.0515 384.4696
0.0517 384.4689
0.0519 384.4682
0.0521 385.6566
0.0523 385.6559
0.0525 385.6552
0.0527 385.6545
0.0528 385.6538
0.053 386.8422
0.0532 386.8415
0.0534 386.8408
0.0536 386.8401
0.0538 386.8394
0.054 386.8387
0.0541 386.838
0.0543 388.0264
0.0545 388.0257
0.0547 388.0251
0.0549 388.0244
0.0551 388.0237
0.0553 388.023
0.0554 389.2114
0.0556 389.2107
0.0558 389.21
0.056 389.2093
0.0562 389.2086
0.0564 389.2079
0.0566 390.3963
0.0567 390.3956
0.0569 390.3949
0.0571 390.3942
0.0573 390.3935
0.0575 390.3928
0.0577 390.3921
0.0578 390.3915
0.058 391.5798
0.0582 391.5792
0.0584 391.5785
0.0586 391.5777
0.0588 391.5771
0.059 391.5764
0.0591 391.5756
0.0593 392.7641
0.0594 392.7633
0.0597 392.7627
0.0599 392.762
0.0601 392.7612
0.0603 392.7606
0.0604 392.76
0.0606 392.7593
0.0608 392.7586
0.061 393.9468
0.0612 393.9463
0.0614 393.9456
0.0616 393.9449
0.0617 393.9442
0.0619 393.9435
0.0621 393.9428
0.0623 393.9421
0.0625 393.9414
0.0627 395.1298
0.0629 395.1291
0.063 395.1284
0.0632 395.1277
0.0634 395.1271
0.0636 395.1264
0.0638 395.1257
0.064 395.125
0.0641 395.1243
0.0643 395.1236
0.0645 396.312
0.0647 396.3113
0.0649 396.3106
0.0651 396.3099
0.0653 396.3092
0.0654 396.3085
0.0656 396.3079
0.0658 396.3072
0.066 396.3065
0.0662 396.3058
0.0664 396.3051
0.0666 397.4935
0.0667 397.4928
0.0669 397.4921
0.0671 397.4914
0.0673 397.4907
0.0675 397.49
0.0677 397.4893
0.0679 397.4887
0.068 397.488
0.0682 397.4873
0.0684 397.4866
0.0686 397.4859
0.0688 398.6743
0.069 398.6736
0.0692 398.6729
0.0693 398.6722
0.0695 398.6715
0.0697 398.6707
0.0699 398.6701
0.0701 398.6695
0.0703 398.6688
0.0704 398.6681
0.0706 398.6674
0.0708 398.6667
0.071 398.666
0.0712 399.8544
0.0714 399.8537
0.0716 399.853
0.0717 399.8523
0.0719 399.8516
0.0721 399.8509
0.0723 399.8502
0.0725 399.8496
0.0727 399.8489
0.0729 399.8481
0.073 399.8475
0.0732 399.8468
0.0734 399.846
0.0735 399.8454
0.0738 401.0338
0.074 401.0331
0.0742 401.0324
0.0743 401.0317
0.0745 401.031
0.0747 401.0304
0.0749 401.0297
0.0751 401.029
0.0753 401.0283
0.0755 401.0276
0.0756 401.0269
0.0758 401.0262
0.076 401.0255
0.0762 401.0249
0.0764 401.0242
0.0766 401.0235
0.0767 402.2118
0.0769 402.2112
0.0771 402.2105
0.0773 402.2098
0.0775 402.2091
0.0777 402.2084
0.0779 402.2077
0.078 402.207
0.0782 402.2063
0.0784 402.2056
0.0786 402.205
0.0788 402.2043
0.079 402.2036
0.0792 402.2029
0.0793 402.2022
0.0795 402.2015
0.0796 403.3899
0.0799 403.3892
0.0801 403.3885
0.0803 403.3878
0.0805 403.3871
0.0806 403.3864
0.0808 403.3858
0.081 403.3851
0.0812 403.3844
0.0814 403.3837
0.0816 403.383
0.0818 403.3822
0.0819 403.3816
0.0821 403.3809
0.0823 403.3801
0.0825 403.3796
0.0827 403.3789
0.0829 404.5672
0.083 404.5666
0.0832 404.5659
0.0834 404.5652
0.0836 404.5645
0.0838 404.5638
0.084 404.5631
0.0842 404.5624
0.0843 404.5617
0.0845 404.561
0.0847 404.5604
