-1.8524e-4 0.5952
5.5081e-8 0.5945
1.6524e-7 1.7835
2.754e-7 2.9727
3.8557e-7 4.1617
4.9573e-7 5.3508
1.859e-4 6.5391
1.8601e-4 7.7282
1.8612e-4 8.9173
1.8623e-4 10.1063
1.8634e-4 11.2953
1.8645e-4 12.4844
1.8656e-4 13.6735
1.8667e-4 14.8626
1.8678e-4 16.0516
1.8689e-4 17.2407
1.87e-4 18.4297
3.724e-4 19.6181
3.7251e-4 20.8072
3.7262e-4 21.9962
3.7273e-4 23.1853
3.7284e-4 24.3744
3.7295e-4 25.5634
3.7306e-4 26.7525
3.7317e-4 27.9415
3.7328e-4 29.1306
3.7339e-4 30.3197
3.735e-4 31.5087
5.5891e-4 32.6971
5.5902e-4 33.8862
5.5913e-4 35.0752
5.5924e-4 36.2643
5.5935e-4 37.4533
5.5946e-4 38.6423
5.5957e-4 39.8315
5.5968e-4 41.0205
5.5979e-4 42.2096
5.599e-4 43.3986
7.453e-4 44.587
7.4541e-4 45.7761
7.4552e-4 46.9651
7.4563e-4 48.1542
7.4574e-4 49.3432
7.4585e-4 50.5323
7.4596e-4 51.7214
7.4607e-4 52.9104
7.4618e-4 54.0995
7.4629e-4 55.2885
7.464e-4 56.4776
9.318e-4 57.666
9.3191e-4 58.855
9.3202e-4 60.0441
9.3214e-4 61.2332
9.3225e-4 62.4222
9.3236e-4 63.6113
9.3247e-4 64.8003
9.3258e-4 65.9893
9.3269e-4 67.1785
9.328e-4 68.3675
9.3291e-4 69.5566
1.1183e-3 70.745
1.1184e-3 71.934
1.1185e-3 73.1231
1.1186e-3 74.3121
1.1187e-3 75.5011
1.1189e-3 76.6903
1.119e-3 77.8793
1.1191e-3 79.0684
1.1192e-3 80.2574
1.1193e-3 81.4465
1.1194e-3 82.6356
1.3048e-3 83.8239
1.3049e-3 85.013
1.305e-3 86.202
1.3051e-3 87.3911
1.3053e-3 88.5802
1.3054e-3 89.7692
1.3055e-3 90.9583
1.3056e-3 92.1473
1.3057e-3 93.3364
1.3058e-3 94.5255
1.3059e-3 95.7145
1.306e-3 96.9036
1.4914e-3 98.092
1.4915e-3 99.281
1.4916e-3 100.4701
1.4918e-3 101.6591
1.4919e-3 102.8481
1.492e-3 104.0373
1.4921e-3 105.2263
1.4922e-3 106.4154
1.4923e-3 107.6044
1.4924e-3 108.7934
1.6778e-3 109.9819
1.6779e-3 111.1709
1.678e-3 112.3599
1.6782e-3 113.5491
1.6783e-3 114.7381
1.6784e-3 115.9272
1.6785e-3 117.1162
1.6786e-3 118.3053
1.6787e-3 119.4944
1.6788e-3 120.6834
1.6789e-3 121.8725
1.8643e-3 123.0608
1.8644e-3 124.2499
1.8645e-3 125.439
1.8647e-3 126.628
1.8648e-3 127.8171
1.8649e-3 129.0062
1.865e-3 130.1952
1.8651e-3 131.3843
1.8652e-3 132.5733
1.8653e-3 133.7624
1.8654e-3 134.9515
2.0508e-3 136.1398
2.0509e-3 137.3289
2.051e-3 138.5179
2.0512e-3 139.7069
2.0513e-3 140.8961
2.0514e-3 142.0851
2.0515e-3 143.2742
2.0516e-3 144.4632
2.0517e-3 145.6522
2.0518e-3 146.8414
2.0519e-3 148.0304
2.2373e-3 149.2187
2.2374e-3 150.4079
2.2376e-3 151.5969
2.2377e-3 152.786
2.2378e-3 153.975
2.2379e-3 155.1641
2.238e-3 156.3532
2.2381e-3 157.5422
2.2382e-3 158.7313
2.2383e-3 159.9203
2.2384e-3 161.1094
2.4238e-3 162.2978
2.4239e-3 163.4868
2.4241e-3 164.6759
2.4242e-3 165.865
2.4243e-3 167.054
2.4244e-3 168.2431
2.4245e-3 169.4321
2.4246e-3 170.6212
2.4247e-3 171.8103
2.4248e-3 172.9992
2.4249e-3 174.1884
2.6103e-3 175.3767
2.6105e-3 176.5657
2.6106e-3 177.7549
2.6107e-3 178.9439
2.6108e-3 180.133
2.6109e-3 181.322
2.611e-3 182.511
2.6111e-3 183.7002
2.6112e-3 184.8892
2.6113e-3 186.0783
2.7967e-3 187.2667
2.7968e-3 188.4557
2.797e-3 189.6448
2.7971e-3 190.8338
2.7972e-3 192.0229
2.7973e-3 193.212
2.7974e-3 194.401
2.7975e-3 195.5901
2.7976e-3 196.7791
2.7977e-3 197.9682
2.7978e-3 199.1573
2.9832e-3 200.3456
2.9834e-3 201.5347
2.9835e-3 202.7238
2.9836e-3 203.9127
2.9837e-3 205.1019
2.9838e-3 206.2909
2.9839e-3 207.48
2.984e-3 208.6691
2.9841e-3 209.858
2.9842e-3 211.0472
2.9843e-3 212.2362
3.1697e-3 213.4245
3.1699e-3 214.6137
3.17e-3 215.8027
3.1701e-3 216.9918
3.1702e-3 218.1808
3.1703e-3 219.3699
3.1704e-3 220.559
3.1705e-3 221.748
3.1706e-3 222.9371
3.1707e-3 224.1261
3.1708e-3 225.3152
3.3562e-3 226.5036
3.3564e-3 227.6926
3.3565e-3 228.8817
3.3566e-3 230.0708
3.3567e-3 231.2598
3.3568e-3 232.4489
3.3569e-3 233.6379
3.357e-3 234.827
3.3571e-3 236.0161
3.3572e-3 237.2051
3.3573e-3 238.3942
3.5428e-3 239.5826
3.5429e-3 240.7715
3.543e-3 241.9607
3.5431e-3 243.1497
3.5432e-3 244.3388
3.5433e-3 245.5279
3.5434e-3 246.7168
3.5435e-3 247.906
3.5436e-3 249.095
3.5437e-3 250.2841
3.7291e-3 251.4725
3.7293e-3 252.6615
3.7294e-3 253.8506
3.7295e-3 255.0396
3.7296e-3 256.2287
3.7297e-3 257.4178
3.7298e-3 258.6068
3.7299e-3 259.7959
3.73e-3 260.9849
3.7301e-3 262.174
3.7302e-3 263.3631
3.9157e-3 264.5514
3.9158e-3 265.7405
3.9159e-3 266.9296
3.916e-3 268.1186
3.9161e-3 269.3077
3.9162e-3 270.4967
3.9163e-3 271.6858
3.9164e-3 272.8749
3.9165e-3 274.0639
3.9166e-3 275.253
3.9168e-3 276.442
4.1022e-3 277.6303
4.1023e-3 278.8195
4.1024e-3 280.0085
4.1025e-3 281.1976
4.1026e-3 282.3867
4.1027e-3 283.5756
4.1028e-3 284.7648
4.1029e-3 285.9538
4.103e-3 287.1429
4.1031e-3 288.332
4.1033e-3 289.521
4.2887e-3 290.7094
4.2888e-3 291.8984
4.2889e-3 293.0875
4.289e-3 294.2766
4.2891e-3 295.4656
4.2892e-3 296.6547
4.2893e-3 297.8437
4.2894e-3 299.0328
4.2895e-3 300.2219
4.2897e-3 301.4109
4.2898e-3 302.6
4.4752e-3 303.7884
4.4753e-3 304.9774
4.4754e-3 306.1665
4.4755e-3 307.3555
4.4756e-3 308.5446
4.4757e-3 309.7337
4.4758e-3 310.9226
4.4759e-3 312.1118
4.476e-3 313.3008
4.4762e-3 314.4899
4.4763e-3 315.679
4.6617e-3 316.8673
4.6618e-3 318.0564
4.6619e-3 319.2455
4.662e-3 320.4344
4.6621e-3 321.6236
4.6622e-3 322.8126
4.6623e-3 324.0017
4.6624e-3 325.1908
4.6625e-3 326.3798
4.6627e-3 327.5689
4.8481e-3 328.7572
4.8482e-3 329.9463
4.8483e-3 331.1354
4.8484e-3 332.3244
4.8485e-3 333.5135
4.8486e-3 334.7026
4.8487e-3 335.8916
4.8488e-3 337.0807
4.8489e-3 338.2697
4.8491e-3 339.4588
4.8492e-3 340.6479
5.0346e-3 341.8362
5.0347e-3 343.0253
5.0348e-3 344.2143
5.0349e-3 345.4034
5.035e-3 346.5925
5.0351e-3 347.7814
5.0352e-3 348.9706
5.0353e-3 350.1596
5.0354e-3 351.3487
5.0356e-3 352.5377
5.0357e-3 353.7268
5.2211e-3 354.9152
5.2212e-3 356.1043
5.2213e-3 357.2933
5.2214e-3 358.4824
5.2215e-3 359.6714
5.2216e-3 360.8605
5.2217e-3 362.0496
5.2218e-3 363.2386
5.222e-3 364.4277
5.2221e-3 365.6167
5.2222e-3 366.8058
5.4076e-3 367.9942
5.4077e-3 369.1832
5.4078e-3 370.3723
5.4079e-3 371.5614
5.408e-3 372.7504
5.4081e-3 373.9395
5.4082e-3 375.1285
5.4083e-3 376.3176
5.4085e-3 377.5067
5.4086e-3 378.6957
5.4087e-3 379.8848
5.5941e-3 381.0731
5.5942e-3 382.2622
5.5943e-3 383.4513
5.5944e-3 384.6402
5.5945e-3 385.8294
5.5946e-3 387.0185
5.5947e-3 388.2075
5.5948e-3 389.3966
5.595e-3 390.5856
5.5951e-3 391.7747
5.7805e-3 392.963
5.7806e-3 394.1521
5.7807e-3 395.3412
5.7808e-3 396.5302
5.7809e-3 397.7193
5.781e-3 398.9083
5.7811e-3 400.0974
5.7812e-3 401.2865
5.7814e-3 402.4755
5.7815e-3 403.6646
5.7816e-3 404.8537
5.967e-3 406.042
5.9671e-3 407.2311
5.9672e-3 408.4202
5.9673e-3 409.6092
5.9674e-3 410.7983
5.9675e-3 411.9872
5.9676e-3 413.1764
5.9677e-3 414.3655
5.9679e-3 415.5545
5.968e-3 416.7436
5.9681e-3 417.9325
6.1535e-3 419.121
6.1536e-3 420.3101
6.1537e-3 421.499
6.1538e-3 422.6882
6.1539e-3 423.8773
6.154e-3 425.0663
6.1541e-3 426.2554
6.1543e-3 427.4444
6.3397e-3 428.6328
6.3398e-3 429.8218
6.5252e-3 431.0102
6.5253e-3 432.1993
6.7107e-3 433.3877
6.7108e-3 434.5767
6.8962e-3 435.7651
6.8963e-3 436.9542
7.0817e-3 438.1425
7.2671e-3 439.3309
7.2672e-3 440.52
7.4526e-3 441.7083
7.638e-3 442.8967
7.6381e-3 444.0858
7.8235e-3 445.2741
8.0089e-3 446.4625
8.1943e-3 447.6509
8.3797e-3 448.8393
8.565e-3 448.8386
8.7504e-3 450.0269
8.9358e-3 451.2153
9.1212e-3 452.4037
9.3065e-3 452.403
9.4919e-3 453.5914
9.6772e-3 453.5907
9.8626e-3 454.779
0.01 455.9674
0.0102 455.9667
0.0104 455.966
0.0106 457.1544
0.0108 457.1537
0.011 458.3421
0.0112 458.3414
0.0113 458.3407
0.0115 459.5291
0.0117 459.5284
0.0119 459.5276
0.0121 460.7161
0.0123 460.7154
0.0125 460.7147
0.0126 461.9031
0.0128 461.9024
0.013 461.9017
0.0132 461.901
0.0134 463.0894
0.0136 463.0887
0.0138 463.088
0.0139 464.2764
0.0141 464.2757
0.0143 464.275
0.0145 464.2743
0.0147 465.4627
0.0149 465.462
0.0151 465.4613
0.0152 466.6497
0.0154 466.649
0.0156 466.6482
0.0158 466.6476
0.016 467.8359
0.0162 467.8353
0.0163 467.8346
0.0165 467.8338
0.0167 469.0223
0.0169 469.0216
0.0171 469.0209
0.0173 470.2093
0.0175 470.2086
0.0176 470.2079
0.0178 470.2072
0.018 471.3956
0.0182 471.3949
0.0184 471.3942
0.0186 471.3935
0.0188 472.5819
0.0189 472.5812
0.0191 472.5805
0.0193 472.5798
0.0195 473.7682
0.0197 473.7675
0.0199 473.7668
0.0201 473.7661
0.0202 474.9545
0.0204 474.9538
0.0206 474.9531
0.0208 474.9524
0.021 476.1408
0.0212 476.1401
0.0214 476.1394
0.0215 476.1388
0.0217 477.3271
0.0219 477.3264
0.0221 477.3258
0.0223 477.3251
0.0225 478.5133
0.0227 478.5127
0.0228 478.5121
0.023 478.5114
0.0232 479.6997
0.0234 479.6991
0.0236 479.6984
0.0238 479.6977
0.0239 479.697
0.0241 480.8854
0.0243 480.8847
0.0245 480.884
0.0247 480.8833
0.0249 482.0717
0.0251 482.071
0.0252 482.0703
0.0254 482.0695
0.0256 482.0689
0.0258 483.2572
0.026 483.2566
0.0262 483.2559
0.0264 483.2551
0.0265 483.2545
0.0267 484.4429
0.0269 484.4422
0.0271 484.4415
0.0273 484.4408
0.0275 484.4401
0.0277 485.6284
0.0278 485.6278
0.028 485.6271
0.0282 485.6265
0.0284 485.6258
0.0286 486.8141
0.0288 486.8134
0.029 486.8128
0.0291 486.8121
0.0293 486.8114
0.0295 487.9998
0.0297 487.999
0.0299 487.9984
0.0301 487.9977
0.0302 487.9969
0.0304 489.1854
0.0306 489.1847
0.0308 489.184
0.031 489.1833
0.0312 489.1826
0.0314 489.1819
0.0315 490.3703
0.0317 490.3696
0.0319 490.3689
0.0321 490.3682
0.0323 490.3675
0.0325 490.3669
0.0327 491.5552
0.0328 491.5545
0.033 491.5539
0.0332 491.5532
0.0334 491.5525
0.0336 491.5518
0.0338 492.7402
0.034 492.7395
0.0341 492.7388
0.0343 492.7381
0.0345 492.7374
0.0347 493.9258
0.0349 493.9251
0.0351 493.9243
0.0352 493.9237
0.0354 493.923
0.0356 493.9223
0.0358 493.9216
0.036 495.11
0.0362 495.1093
0.0364 495.1086
0.0365 495.108
0.0367 495.1073
0.0369 495.1066
0.0371 496.2949
0.0373 496.2943
0.0375 496.2936
0.0377 496.2929
0.0378 496.2922
0.038 496.2915
0.0382 497.4799
0.0384 497.4792
0.0386 497.4785
0.0388 497.4778
0.039 497.4771
0.0391 497.4764
0.0393 498.6648
0.0395 498.6641
0.0397 498.6634
0.0399 498.6627
0.0401 498.662
0.0403 498.6614
0.0404 499.8497
0.0406 499.849
0.0408 499.8484
0.041 499.8477
0.0412 499.847
0.0414 499.8463
0.0416 501.0347
0.0417 501.034
0.0419 501.0333
0.0421 501.0326
0.0423 501.0319
0.0425 501.0312
0.0427 501.0305
0.0428 502.2189
0.043 502.2182
0.0432 502.2175
0.0434 502.2168
0.0436 502.2161
0.0438 502.2155
0.044 503.4038
0.0441 503.4031
0.0443 503.4025
0.0445 503.4018
0.0447 503.4011
0.0449 503.4003
0.0451 503.3997
0.0453 503.399
