-1.8524e-4 0.5952
5.5081e-8 0.5945
1.6524e-7 1.7835
2.754e-7 2.9727
3.8557e-7 4.1617
4.9573e-7 5.3508
1.859e-4 6.5391
1.8601e-4 7.7282
1.8612e-4 8.9173
1.8623e-4 10.1063
1.8634e-4 11.2953
1.8645e-4 12.4844
1.8656e-4 13.6735
1.8667e-4 14.8626
1.8678e-4 16.0516
3.7218e-4 17.24
3.7229e-4 18.4291
3.724e-4 19.6181
3.7251e-4 20.8072
3.7262e-4 21.9962
3.7273e-4 23.1853
3.7284e-4 24.3744
3.7295e-4 25.5634
5.5836e-4 26.7518
5.5847e-4 27.9407
5.5858e-4 29.1299
5.5869e-4 30.319
5.588e-4 31.508
5.5891e-4 32.6971
5.5902e-4 33.8862
5.5913e-4 35.0752
5.5924e-4 36.2643
7.4464e-4 37.4526
7.4475e-4 38.6417
7.4486e-4 39.8308
7.4497e-4 41.0198
7.4508e-4 42.2089
7.4519e-4 43.3979
7.453e-4 44.587
7.4541e-4 45.7761
7.4552e-4 46.9651
9.3092e-4 48.1535
9.3103e-4 49.3426
9.3114e-4 50.5316
9.3125e-4 51.7207
9.3136e-4 52.9097
9.3147e-4 54.0988
9.3158e-4 55.2879
9.3169e-4 56.4769
1.1171e-3 57.6653
1.1172e-3 58.8544
1.1173e-3 60.0434
1.1174e-3 61.2325
1.1175e-3 62.4215
1.1176e-3 63.6106
1.1178e-3 64.7997
1.1179e-3 65.9887
1.118e-3 67.1778
1.3034e-3 68.366
1.3035e-3 69.5552
1.3036e-3 70.7443
1.3037e-3 71.9333
1.3038e-3 73.1224
1.3039e-3 74.3114
1.304e-3 75.5005
1.3042e-3 76.6896
1.3043e-3 77.8786
1.4897e-3 79.067
1.4898e-3 80.2561
1.4899e-3 81.4451
1.49e-3 82.6341
1.4901e-3 83.8232
1.4902e-3 85.0123
1.4903e-3 86.2014
1.4904e-3 87.3904
1.6758e-3 88.5788
1.6759e-3 89.7679
1.6761e-3 90.9569
1.6762e-3 92.146
1.6763e-3 93.335
1.6764e-3 94.5241
1.6765e-3 95.7132
1.6766e-3 96.9022
1.6767e-3 98.0913
1.8621e-3 99.2796
1.8622e-3 100.4687
1.8623e-3 101.6578
1.8625e-3 102.8468
1.8626e-3 104.0359
1.8627e-3 105.2248
1.8628e-3 106.414
1.8629e-3 107.6031
1.863e-3 108.7921
2.0484e-3 109.9805
2.0485e-3 111.1696
2.0486e-3 112.3586
2.0487e-3 113.5476
2.0488e-3 114.7367
2.049e-3 115.9258
2.0491e-3 117.1149
2.0492e-3 118.3039
2.0493e-3 119.4929
2.2347e-3 120.6814
2.2348e-3 121.8704
2.2349e-3 123.0594
2.235e-3 124.2485
2.2351e-3 125.4376
2.2352e-3 126.6267
2.2354e-3 127.8157
2.2355e-3 129.0048
2.4209e-3 130.1931
2.421e-3 131.3822
2.4211e-3 132.5713
2.4212e-3 133.7603
2.4213e-3 134.9494
2.4214e-3 136.1384
2.4215e-3 137.3275
2.4216e-3 138.5166
2.4217e-3 139.7056
2.6071e-3 140.894
2.6073e-3 142.0831
2.6074e-3 143.2721
2.6075e-3 144.4612
2.6076e-3 145.6502
2.6077e-3 146.8393
2.6078e-3 148.0284
2.6079e-3 149.2174
2.608e-3 150.4064
2.7934e-3 151.5949
2.7935e-3 152.7839
2.7937e-3 153.9729
2.7938e-3 155.162
2.7939e-3 156.3511
2.794e-3 157.5402
2.7941e-3 158.7292
2.7942e-3 159.9183
2.9796e-3 161.1066
2.9797e-3 162.2957
2.9798e-3 163.4848
2.9799e-3 164.6738
2.98e-3 165.8629
2.9802e-3 167.0519
2.9803e-3 168.241
2.9804e-3 169.4301
2.9805e-3 170.6191
3.1659e-3 171.8075
3.166e-3 172.9966
3.1661e-3 174.1856
3.1662e-3 175.3747
3.1663e-3 176.5636
3.1664e-3 177.7528
3.1665e-3 178.9419
3.1667e-3 180.1309
3.1668e-3 181.32
3.3522e-3 182.5084
3.3523e-3 183.6974
3.3524e-3 184.8864
3.3525e-3 186.0755
3.3526e-3 187.2646
3.3527e-3 188.4537
3.3528e-3 189.6427
3.3529e-3 190.8317
3.5383e-3 192.0201
3.5385e-3 193.2092
3.5386e-3 194.3982
3.5387e-3 195.5873
3.5388e-3 196.7764
3.5389e-3 197.9654
3.539e-3 199.1545
3.5391e-3 200.3436
3.5392e-3 201.5326
3.7246e-3 202.721
3.7247e-3 203.9101
3.7248e-3 205.0991
3.725e-3 206.2882
3.7251e-3 207.4772
3.9103e-3 206.2875
4.0955e-3 206.2868
4.2809e-3 207.4752
4.4662e-3 207.4745
4.6516e-3 208.6629
4.8369e-3 208.6622
5.0222e-3 208.6615
5.2076e-3 209.8498
5.3929e-3 209.8492
5.5783e-3 211.0375
5.7636e-3 211.0368
5.9489e-3 211.0362
6.1343e-3 212.2245
6.3196e-3 212.2238
6.5049e-3 212.2232
6.6903e-3 213.4115
6.8756e-3 213.4108
7.061e-3 214.5992
7.2463e-3 214.5985
7.4316e-3 214.5977
7.617e-3 215.7862
7.8023e-3 215.7854
7.9876e-3 215.7848
8.173e-3 216.9731
8.3583e-3 216.9725
8.5437e-3 218.1609
8.729e-3 218.1602
8.9142e-3 218.1595
9.0997e-3 219.3479
9.2849e-3 219.3472
9.4702e-3 219.3465
9.6556e-3 220.5349
9.8409e-3 220.5342
0.01 220.5335
0.0102 221.7219
0.0104 221.7212
0.0106 222.9095
0.0108 222.9089
0.011 222.9082
0.0111 224.0965
0.0113 224.0959
0.0115 224.0952
0.0117 225.2835
0.0119 225.2828
0.0121 225.2822
0.0123 226.4705
0.0124 226.4698
0.0126 226.4692
0.0128 227.6575
0.013 227.6568
0.0132 227.6562
0.0134 228.8445
0.0135 228.8437
0.0137 228.8431
0.0139 230.0315
0.0141 230.0308
0.0143 230.0301
0.0145 231.2185
0.0147 231.2178
0.0148 231.2171
0.015 232.4055
0.0152 232.4048
0.0154 232.4041
0.0156 233.5925
0.0158 233.5918
0.016 233.5911
0.0161 234.7795
0.0163 234.7788
0.0165 234.7781
0.0167 235.9665
0.0169 235.9658
0.0171 235.9651
0.0173 237.1535
0.0174 237.1528
0.0176 237.1521
0.0178 238.3405
0.018 238.3397
0.0182 238.3391
0.0184 239.5274
0.0186 239.5268
0.0187 239.5261
0.0189 239.5253
0.0191 240.7138
0.0193 240.713
0.0195 240.7124
0.0197 241.9008
0.0198 241.9001
0.02 241.8994
0.0202 243.0878
0.0204 243.0871
0.0206 243.0864
0.0208 244.2748
0.021 244.2741
0.0211 244.2734
0.0213 244.2727
0.0215 245.4611
0.0217 245.4604
0.0219 245.4597
0.0221 246.6481
0.0223 246.6474
0.0224 246.6467
0.0226 247.8351
0.0228 247.8344
0.023 247.8336
0.0232 247.833
0.0234 249.0214
0.0236 249.0207
0.0237 249.02
0.0239 250.2084
0.0241 250.2077
0.0243 250.207
0.0245 250.2063
0.0247 251.3947
0.0249 251.394
0.025 251.3933
0.0252 252.5817
0.0254 252.581
0.0256 252.5803
0.0258 253.7687
0.026 253.768
0.0261 253.7673
0.0263 253.7666
0.0265 254.955
0.0267 254.9543
0.0269 254.9536
0.0271 256.142
0.0273 256.1413
0.0274 256.1406
0.0276 256.1399
0.0278 257.3283
0.028 257.3276
0.0282 257.3269
0.0284 258.5152
0.0286 258.5146
0.0287 258.5139
0.0289 258.5131
0.0291 259.7016
0.0293 259.7008
0.0295 259.7002
0.0297 259.6995
0.0299 260.8879
0.03 260.8872
0.0302 260.8864
0.0304 262.0749
0.0306 262.0742
0.0308 262.0735
0.031 262.0728
0.0312 263.2612
0.0313 263.2605
0.0315 263.2598
0.0317 263.2591
0.0319 264.4475
0.0321 264.4468
0.0323 264.4461
0.0325 265.6345
0.0326 265.6338
0.0328 265.6331
0.033 265.6324
0.0332 266.8208
0.0334 266.8201
0.0336 266.8194
0.0337 266.8187
0.0339 268.0071
0.0341 268.0064
0.0343 268.0057
0.0345 268.005
0.0347 269.1934
0.0349 269.1927
0.035 269.192
0.0352 269.1913
0.0354 270.3797
0.0356 270.379
0.0358 270.3783
0.036 270.3776
0.0362 271.5659
0.0363 271.5653
0.0365 271.5646
0.0367 271.5638
0.0369 272.7523
0.0371 272.7516
0.0373 272.7509
0.0375 273.9393
0.0376 273.9386
0.0378 273.9379
0.038 273.9372
0.0382 275.1256
0.0384 275.1249
0.0386 275.1242
0.0388 275.1235
0.0389 276.3119
0.0391 276.3112
0.0393 276.3105
0.0395 276.3099
0.0397 276.3092
0.0399 277.4975
0.04 277.4968
0.0402 277.4962
0.0404 277.4955
0.0406 278.6838
0.0408 278.6832
0.041 278.6825
0.0412 278.6818
0.0413 279.87
0.0415 279.8695
0.0417 279.8688
0.0419 279.8681
0.0421 281.0565
0.0423 281.0558
0.0425 281.0551
0.0426 281.0544
0.0428 282.2428
0.043 282.2421
0.0432 282.2414
0.0434 282.2407
0.0436 283.4291
0.0438 283.4284
0.0439 283.4277
0.0441 283.427
0.0443 284.6154
0.0445 284.6147
0.0447 284.6139
0.0449 284.6133
0.0451 284.6126
0.0452 285.801
0.0454 285.8003
0.0456 285.7995
0.0458 285.7989
0.046 286.9872
0.0462 286.9866
0.0463 286.9859
0.0465 286.9851
0.0467 286.9845
0.0469 288.1729
0.0471 288.1722
0.0473 288.1715
0.0475 288.1708
0.0476 289.3592
0.0478 289.3585
0.048 289.3578
0.0482 289.3572
0.0484 290.5455
0.0486 290.5448
0.0488 290.5441
0.0489 290.5434
0.0491 290.5428
0.0493 291.7311
0.0495 291.7305
0.0497 291.7298
0.0499 291.729
0.0501 292.9174
0.0502 292.9167
0.0504 292.9161
0.0506 292.9154
0.0508 292.9146
0.051 294.1031
0.0512 294.1024
0.0514 294.1017
0.0515 294.101
0.0517 295.2894
0.0519 295.2887
0.0521 295.288
0.0523 295.2873
0.0525 295.2866
0.0527 296.475
0.0528 296.4743
0.053 296.4736
0.0532 296.4729
0.0534 296.4722
0.0536 297.6606
0.0538 297.6599
0.0539 297.6592
0.0541 297.6585
0.0543 298.8469
0.0545 298.8462
0.0547 298.8455
0.0549 298.8448
0.0551 298.8441
0.0552 300.0325
0.0554 300.0318
0.0556 300.0312
0.0558 300.0305
0.056 300.0298
0.0562 301.2181
0.0564 301.2175
0.0565 301.2168
0.0567 301.2161
0.0569 301.2154
0.0571 302.4038
0.0573 302.4031
0.0575 302.4024
0.0577 302.4017
0.0578 302.401
0.058 303.5894
0.0582 303.5887
0.0584 303.588
0.0586 303.5873
0.0588 303.5866
0.059 304.775
0.0591 304.7743
0.0593 304.7736
0.0594 304.7729
0.0597 304.7722
0.0599 305.9606
0.0601 305.9599
0.0602 305.9592
0.0604 305.9586
0.0606 305.9579
0.0608 307.1461
0.061 307.1455
0.0612 307.1449
0.0614 307.1442
0.0615 307.1435
0.0617 308.3319
0.0619 308.3312
0.0621 308.3305
0.0623 308.3298
0.0625 308.3291
0.0627 309.5175
0.0628 309.5168
0.063 309.5161
0.0632 309.5154
0.0634 309.5147
0.0636 310.7031
0.0638 310.7024
0.064 310.7017
0.0641 310.701
0.0643 310.7003
0.0645 311.8887
0.0647 311.888
0.0649 311.8873
0.0651 311.8866
0.0653 311.886
0.0654 311.8853
0.0656 313.0735
0.0658 313.0729
0.066 313.0723
0.0662 313.0716
0.0664 313.0709
0.0665 314.2593
0.0667 314.2586
0.0669 314.2579
0.0671 314.2572
0.0673 314.2565
0.0675 315.4449
0.0677 315.4442
0.0678 315.4435
0.068 315.4428
0.0682 315.4421
0.0684 315.4414
0.0686 316.6298
0.0688 316.6291
0.069 316.6284
0.0691 316.6277
0.0693 316.627
0.0695 316.6263
0.0697 317.8147
0.0699 317.814
0.0701 317.8134
0.0703 317.8127
0.0704 317.812
0.0706 317.8113
0.0708 318.9997
0.071 318.999
0.0712 318.9983
0.0714 318.9976
0.0716 318.9969
0.0717 320.1853
0.0719 320.1846
0.0721 320.1839
0.0723 320.1832
0.0725 320.1825
0.0727 320.1818
0.0728 321.3702
0.073 321.3695
0.0732 321.3688
0.0734 321.3681
0.0735 321.3675
0.0738 321.3668
0.074 322.5551
0.0741 322.5544
0.0743 322.5537
0.0745 322.5531
0.0747 322.5524
0.0749 322.5516
0.0751 323.7401
0.0753 323.7393
0.0754 323.7387
0.0756 323.738
0.0758 323.7372
0.076 323.7366
0.0762 324.925
0.0764 324.9243
0.0766 324.9236
0.0767 324.9229
0.0769 324.9222
0.0771 324.9216
0.0773 326.1099
0.0775 326.1092
0.0777 326.1085
0.0779 326.1078
0.078 326.1072
0.0782 326.1065
0.0784 327.2949
0.0786 327.2942
0.0788 327.2934
0.079 327.2928
0.0792 327.2921
0.0793 327.2913
0.0795 327.2907
0.0796 328.4791
0.0799 328.4784
0.0801 328.4777
0.0803 328.4769
0.0804 328.4763
0.0806 328.4757
0.0808 329.664
0.081 329.6633
0.0812 329.6625
0.0814 329.662
0.0816 329.6613
0.0817 329.6606
0.0819 329.6599
0.0821 330.8483
0.0823 330.8476
0.0825 330.8469
0.0827 330.8462
0.0829 330.8455
0.083 330.8448
0.0832 330.8441
0.0834 332.0325
0.0836 332.0318
0.0838 332.0311
0.084 332.0304
0.0842 332.0298
0.0843 332.0291
0.0845 333.2174
0.0847 333.2167
0.0849 333.2161
0.0851 333.2154
0.0853 333.2147
0.0855 333.214
0.0856 333.2133
0.0858 334.4017
0.086 334.401
0.0862 334.4003
0.0864 334.3996
0.0866 334.3989
0.0867 334.3982
0.0869 334.3975
0.0871 335.5859
0.0873 335.5852
0.0875 335.5845
0.0877 335.5838
0.0879 335.5832
0.088 335.5825
0.0882 335.5817
0.0884 335.5811
0.0886 336.7694
0.0888 336.7688
0.089 336.7681
0.0892 336.7673
0.0893 336.7667
0.0895 336.766
0.0897 336.7652
0.0899 337.9537
0.0901 337.9529
0.0903 337.9523
0.0905 337.9516
0.0906 337.951
0.0908 337.9503
0.091 337.9496
0.0912 337.9489
0.0914 339.1373
