0	0	1
0.0001	0.2000072	1.07824118
0.0002	0.200014401	1.0782419
0.0004	0.400044805	1.092105644
0.0005	0.199972004	1.07823766
0.0006	0.200036006	1.07824406
0.0007	0.199984001	1.07823886
0.0008	0.199992	1.07823966
0.0009	0.2	1.07824046
0.001	0.200008	1.07824126
0.0012	0.400024001	1.092104604
0.0013	0.199964006	1.07823686
0.0015	0.400056008	1.092106204
0.0016	0.199980002	1.07823846
0.0016	0	1.08
0.0018	0.400096023	1.092108204
0.0019	0.2	1.07824046
0.002	0.199952012	1.078235661
0.0022	0.400024001	1.092104604
0.0022	-1.42E-11	1.092
0.0024	0.399944008	1.092100604
0.0025	0.200032005	1.07824366
0.0026	0.2	1.07824046
0.0027	0.199960008	1.078236461
0.0028	0.2	1.07824046
0.003	0.400080016	1.092107404
0.0031	0.2	1.07824046
0.0032	0.199960008	1.078236461
0.0033	0.200040008	1.078244461
0.0035	0.399920016	1.092099404
0.0036	0.200040008	1.078244461
0.0036	0	1.08
0.0038	0.4	1.092103404
0.0039	0.199960008	1.078236461
0.0041	0.400080016	1.092107404
0.0042	0.2	1.07824046
0.0043	0.199960008	1.078236461
0.0044	0.200040008	1.078244461
0.0045	0.2	1.07824046
0.0046	0.2	1.07824046
0.0047	0.2	1.07824046
0.0048	0.2	1.07824046
0.005	0.4	1.092103404
0.0052	0.4	1.092103404
0.0055	0.6	1.100212706
0.0057	0.399920016	1.092099404
0.006	0.6	1.100212706
0.0062	0.400080016	1.092107404
0.0066	0.799840032	1.105962348
0.0068	0.400080016	1.092107404
0.0071	0.599880024	1.100208706
0.0073	0.400080016	1.092107404
0.0077	0.799840032	1.105962348
0.008	0.600120024	1.100216706
0.0084	0.799840032	1.105962348
0.0086	0.400080016	1.092107404
0.009	0.8	1.105966347
0.0092	0.399920016	1.092099404
0.0096	0.800160032	1.105970348
0.01	0.799840032	1.105962348
0.0102	0.400080016	1.092107404
0.0106	0.8	1.105966347
0.0109	0.6	1.100212706
0.0113	0.799840032	1.105962348
0.0116	0.600120024	1.100216706
0.012	0.8	1.105966347
0.0124	0.8	1.105966347
0.0127	0.599880024	1.100208706
0.013	0.6	1.100212706
0.0134	0.800160032	1.105970348
0.0138	0.799840032	1.105962348
0.0141	0.600120024	1.100216706
0.0145	0.799840032	1.105962348
0.0148	0.600120024	1.100216706
0.0152	0.8	1.105966347
0.0156	0.799840032	1.105962348
0.016	0.8	1.105966347
0.0164	0.800160032	1.105970348
0.0168	0.8	1.105966347
0.0171	0.6	1.100212706
0.0176	1	1.110429218
0.018	0.799840032	1.105962348
0.0184	0.8	1.105966347
0.0188	0.800160032	1.105970348
0.0191	0.599880024	1.100208706
0.0196	1	1.110429218
0.02	0.800160032	1.105970348
0.0204	0.8	1.105966347
0.0209	1	1.110429218
0.0212	0.6	1.100212706
0.0217	1	1.110429218
0.022	0.6	1.100212706
0.0225	1	1.110429218
0.0229	0.799840032	1.105962348
0.0233	0.800160032	1.105970348
0.0238	1	1.110429218
0.0242	0.799840032	1.105962348
0.0246	0.800160032	1.105970348
0.025	0.799840032	1.105962348
0.0254	0.8	1.105966347
0.0258	0.8	1.105966347
0.0263	1.00020004	1.110433219
0.0267	0.8	1.105966347
0.0272	0.99980004	1.110425219
0.0276	0.800160032	1.105970348
0.0282	1.2	1.114075649
0.0286	0.799840032	1.105962348
0.029	0.800160032	1.105970348
0.0294	0.8	1.105966347
0.0299	0.99980004	1.110425219
0.0303	0.8	1.105966347
0.0309	1.200240048	1.11407965
0.0314	1	1.110429218
0.0318	0.799840032	1.105962348
0.0323	1.00020004	1.110433219
0.0328	1	1.110429218
0.0332	0.799840032	1.105962348
0.0337	1.00020004	1.110433219
0.0342	0.99980004	1.110425219
0.0346	0.800160032	1.105970348
0.0351	1	1.110429218
0.0356	0.99980004	1.110425219
0.036	0.800160032	1.105970348
0.0366	1.2	1.114075649
0.0371	1	1.110429218
0.0376	0.99980004	1.110425219
0.0381	1	1.110429218
0.0386	1	1.110429218
0.039	0.800160032	1.105970348
0.0395	1	1.110429218
0.0401	1.2	1.114075649
0.0406	0.99980004	1.110425219
0.041	0.8	1.105966347
0.0415	1.00020004	1.110433219
0.042	1	1.110429218
0.0425	1	1.110429218
0.043	0.99980004	1.110425219
0.0436	1.2	1.114075649
0.0441	1.00020004	1.110433219
0.0446	1	1.110429218
0.0451	1	1.110429218
0.0457	1.199760048	1.11407165
0.0462	1	1.110429218
0.0467	1	1.110429218
0.0473	1.200240048	1.11407965
0.0478	0.99980004	1.110425219
0.0484	1.200240048	1.11407965
0.0489	1	1.110429218
0.0494	1	1.110429218
0.0499	0.99980004	1.110425219
0.0505	1.200240048	1.11407965
0.0509	0.799840032	1.105962348
0.0514	1	1.110429218
0.0521	1.4	1.117158663
0.0526	1.00020004	1.110433219
0.0532	1.2	1.114075649
0.0537	1	1.110429218
0.0543	1.199760048	1.11407165
0.0548	1.00020004	1.110433219
0.0554	1.2	1.114075649
0.0559	1	1.110429218
0.0565	1.199760048	1.11407165
0.057	1.00020004	1.110433219
0.0576	1.2	1.114075649
0.0582	1.2	1.114075649
0.0588	1.2	1.114075649
0.0594	1.2	1.114075649
0.0599	0.99980004	1.110425219
0.0604	1.00020004	1.110433219
0.0611	1.4	1.117158663
0.0616	1	1.110429218
0.0622	1.2	1.114075649
0.0628	1.2	1.114075649
0.0634	1.199760048	1.11407165
0.0639	1	1.110429218
0.0645	1.2	1.114075649
0.0651	1.200240048	1.11407965
0.0657	1.2	1.114075649
0.0664	1.4	1.117158663
0.0669	1	1.110429218
0.0675	1.2	1.114075649
0.0682	1.4	1.117158663
0.0687	1	1.110429218
0.0693	1.2	1.114075649
0.07	1.4	1.117158663
0.0706	1.199760048	1.11407165
0.0711	1	1.110429218
0.0718	1.400280056	1.117162663
0.0724	1.2	1.114075649
0.0731	1.4	1.117158663
0.0737	1.2	1.114075649
0.0743	1.2	1.114075649
0.0749	1.2	1.114075649
0.0756	1.4	1.117158663
0.0763	1.4	1.117158663
0.077	1.399720056	1.117154663
0.0776	1.200240048	1.11407965
0.0783	1.399720056	1.117154663
0.0789	1.2	1.114075649
0.0795	1.200240048	1.11407965
0.0802	1.4	1.117158663
0.0809	1.399720056	1.117154663
0.0815	1.2	1.114075649
0.082	1	1.110429218
0.0827	1.4	1.117158663
0.0834	1.4	1.117158663
0.0841	1.4	1.117158663
0.0848	1.4	1.117158663
0.0855	1.4	1.117158663
0.0861	1.2	1.114075649
0.0868	1.4	1.117158663
0.0875	1.4	1.117158663
0.0881	1.2	1.114075649
0.0889	1.6	1.119829291
0.0895	1.2	1.114075649
0.0903	1.6	1.119829291
0.0909	1.2	1.114075649
0.0916	1.4	1.117158663
0.0923	1.4	1.117158663
0.0931	1.6	1.119829291
0.0938	1.4	1.117158663
0.0945	1.4	1.117158663
0.0952	1.4	1.117158663
0.0959	1.4	1.117158663
0.0967	1.6	1.119829291
0.0974	1.4	1.117158663
0.0982	1.6	1.119829291
0.0989	1.4	1.117158663
0.0996	1.4	1.117158663
0.1005	1.8	1.122184952
0.1012	1.4	1.117158663
0.102	1.6	1.119829291
0.1028	1.6	1.119829291
0.1037	1.8	1.122184952
0.1043	1.2	1.114075649
0.1051	1.6	1.119829291
0.106	1.8	1.122184952
0.1067	1.4	1.117158663
0.1075	1.6	1.119829291
0.1084	1.8	1.122184952
0.1091	1.4	1.117158663
0.1099	1.6	1.119829291
0.1107	1.6	1.119829291
0.1115	1.6	1.119829291
0.1124	1.8	1.122184952
0.1131	1.4	1.117158663
0.114	1.8	1.122184952
0.1149	1.8	1.122184952
0.1157	1.6	1.119829291
0.1165	1.6	1.119829291
0.1175	2	1.124292162
0.1183	1.6	1.119829291
0.1192	1.8	1.122184952
0.12	1.6	1.119829291
0.1209	1.8	1.122184952
0.1219	2	1.124292162
0.1228	1.8	1.122184952
0.1237	1.8	1.122184952
0.1246	1.8	1.122184952
0.1255	1.8	1.122184952
0.1264	1.8	1.122184952
0.1274	2	1.124292162
0.1283	1.8	1.122184952
0.1292	1.8	1.122184952
0.1302	2	1.124292162
0.1311	1.8	1.122184952
0.1321	2	1.124292162
0.1331	2	1.124292162
0.1341	2	1.124292162
0.1352	2.2	1.126198366
0.1362	2	1.124292162
0.1373	2.2	1.126198366
0.1383	2	1.124292162
0.1393	2	1.124292162
0.1405	2.4	1.127938593
0.1415	2	1.124292162
0.1426	2.2	1.126198366
0.1437	2.2	1.126198366
0.1446	1.8	1.122184952
0.1458	2.4	1.127938593
0.1468	2	1.124292162
0.1479	2.2	1.126198366
0.1491	2.4	1.127938593
0.1502	2.2	1.126198366
0.1514	2.4	1.127938593
0.1525	2.2	1.126198366
0.1538	2.6	1.129539447
0.155	2.4	1.127938593
0.1561	2.2	1.126198366
0.1574	2.6	1.129539447
0.1586	2.4	1.127938593
0.1599	2.6	1.129539447
0.1612	2.6	1.129539447
0.1624	2.4	1.127938593
0.1638	2.8	1.131021607
0.1651	2.6	1.129539447
0.1665	2.8	1.131021607
0.1678	2.6	1.129539447
0.1693	3	1.132401464
0.1707	2.8	1.131021607
0.1721	2.8	1.131021607
0.1735	2.8	1.131021607
0.175	3	1.132401464
0.1765	3	1.132401464
0.1779	2.8	1.131021607
0.1794	3	1.132401464
0.1809	3	1.132401464
0.1824	3	1.132401464
0.184	3.2	1.133692235
0.1856	3.2	1.133692235
0.1872	3.2	1.133692235
0.1889	3.4	1.134904727
0.1905	3.2	1.133692235
0.1923	3.6	1.136047895
0.1939	3.2	1.133692235
0.1957	3.6	1.136047895
0.1975	3.6	1.136047895
0.1993	3.6	1.136047895
0.2012	3.8	1.13712924
0.203	3.6	1.136047895
0.205	4	1.138155106
0.2068	3.6	1.136047895
0.2088	4	1.138155106
0.2109	4.2	1.139130909
0.2129	4	1.138155106
0.2149	4	1.138155106
0.2171	4.4	1.140061309
0.2192	4.2	1.139130909
0.2214	4.4	1.140061309
0.2237	4.6	1.140950344
0.2259	4.4	1.140061309
0.2283	4.8	1.141801537
0.2305	4.4	1.140061309
0.2329	4.8	1.141801537
0.2353	4.8	1.141801537
0.2378	5	1.142617977
0.2403	5	1.142617977
0.2428	5	1.142617977
0.2455	5.4	1.144157197
0.2481	5.2	1.143402391
0.2509	5.6	1.14488455
0.2537	5.6	1.14488455
0.2565	5.6	1.14488455
0.2593	5.6	1.14488455
0.2623	6	1.146264408
0.2652	5.8	1.145586377
0.2682	6	1.146264408
0.2714	6.4	1.147555178
0.2744	6	1.146264408
0.2777	6.6	1.148170611
0.2809	6.4	1.147555178
0.2841	6.4	1.147555178
0.2874	6.6	1.148170611
0.2908	6.8	1.148767671
0.2943	7	1.149347421
0.2978	7	1.149347421
0.3014	7.2	1.149910839
0.305	7.2	1.149910839
0.3087	7.4	1.150458818
0.3124	7.4	1.150458818
0.3161	7.4	1.150458818
0.3199	7.6	1.150992183
0.3238	7.8	1.151511693
0.3278	8	1.152018049
0.3318	8	1.152018049
0.3359	8.2	1.152511901
0.3398	7.8	1.151511693
0.3439	8.2	1.152511901
0.3482	8.6	1.153464462
0.3525	8.6	1.153464462
0.3567	8.4	1.152993852
0.3611	8.8	1.153924253
0.3655	8.8	1.153924253
0.3698	8.6	1.153464462
0.3744	9.2	1.154813288
0.379	9.2	1.154813288
0.3835	9	1.15437371
0.3882	9.4	1.155243412
0.3929	9.4	1.155243412
0.3977	9.6	1.15566448
0.4024	9.4	1.155243412
0.4072	9.6	1.15566448
0.4122	10	1.15648092
0.4173	10.2	1.156876973
0.4222	9.8	1.156076866
0.4273	10.2	1.156876973
0.4324	10.2	1.156876973
0.4376	10.4	1.157265334
0.4426	10	1.15648092
0.448	10.8	1.158020141
0.4534	10.8	1.158020141
0.4589	11	1.158387124
0.4644	11	1.158387124
0.4699	11	1.158387124
0.4754	11	1.158387124
0.481	11.2	1.158747494
0.4867	11.4	1.159101485
0.4923	11.2	1.158747494
0.4982	11.8	1.159791209
0.5041	11.8	1.159791209
0.51	11.8	1.159791209
0.516	12	1.160127351
0.522	12	1.160127351
0.5281	12.2	1.160457937
0.5342	12.2	1.160457937
0.5406	12.8	1.161418122
0.5469	12.6	1.161103155
0.5532	12.6	1.161103155
0.5597	13	1.161728206
0.5662	13	1.161728206
0.5727	13	1.161728206
0.5793	13.2	1.162033555
0.586	13.4	1.162334312
0.5927	13.4	1.162334312
0.5994	13.4	1.162334312
0.6063	13.8	1.16292259
0.6134	14.2	1.163494058
0.6202	13.6	1.162630614
0.6275	14.6	1.164049649
0.6344	13.8	1.16292259
0.6417	14.6	1.164049649
0.649	14.6	1.164049649
0.6562	14.4	1.163773782
0.6636	14.8	1.164321762
0.6711	15	1.164590222
0.6788	15.4	1.165116569
0.6863	15	1.164590222
0.694	15.4	1.165116569
0.7017	15.4	1.165116569
0.7095	15.6	1.165374637
0.7174	15.8	1.165629417
0.7253	15.8	1.165629417
0.7334	16.2	1.166129443
0.7413	15.8	1.165629417
0.7498	17	1.167093485
0.7579	16.2	1.166129443
0.7663	16.8	1.166856796
0.7746	16.6	1.166617272
0.7829	16.6	1.166617272
0.7912	16.6	1.166617272
0.8	17.6	1.167787196
0.8087	17.4	1.167558622
0.8174	17.4	1.167558622
0.8261	17.4	1.167558622
0.8347	17.2	1.167327406
0.8437	18	1.168236654
0.8526	17.8	1.168013188
0.8618	18.4	1.168676232
0.8708	18	1.168236654
0.8799	18.2	1.16845765
0.8893	18.8	1.169106356
0.8987	18.8	1.169106356
0.9081	18.8	1.169106356
0.9175	18.8	1.169106356
0.9271	19.2	1.169527424
0.9367	19.2	1.169527424
0.9465	19.6	1.16993981
0.956	19	1.169317998
0.9658	19.6	1.16993981
0.9755	19.4	1.16973468
0.9856	20.2	1.17054287
0.9957	20.2	1.17054287
1.0058	20.2	1.17054287
1.0158	20	1.170343864
1.0261	20.6	1.17093504
1.0363	20.4	1.170739916
1.0467	20.8	1.171128278
1.057	20.6	1.17093504
1.0674	20.8	1.171128278
1.0781	21.4	1.171697037
1.0885	20.8	1.171128278
1.0992	21.4	1.171697037
1.1099	21.4	1.171697037
1.1206	21.4	1.171697037
1.1312	21.2	1.171509242
1.1425	22.6	1.172788216
1.1532	21.4	1.171697037
1.1641	21.8	1.172067418
1.1751	22	1.172250067
1.1862	22.2	1.172431064
1.1975	22.6	1.172788216
1.2086	22.2	1.172431064
1.2198	22.4	1.172610438
1.2313	23	1.173139103
1.2426	22.6	1.172788216
1.2542	23.2	1.173312264
1.2656	22.8	1.172964429
1.2771	23	1.173139103
1.2887	23.2	1.173312264
1.3003	23.2	1.173312264
1.3119	23.2	1.173312264
1.3235	23.2	1.173312264
1.3353	23.6	1.173654153
1.3473	24	1.173990295
1.359	23.4	1.173483939
1.3709	23.8	1.17382293
1.3828	23.8	1.17382293
1.395	24.4	1.174320881
1.4071	24.2	1.174156271
1.4191	24	1.173990295
1.4313	24.4	1.174320881
1.4433	24	1.173990295
1.4556	24.6	1.174484147
1.468	24.8	1.174646091
1.4802	24.4	1.174320881
1.4925	24.6	1.174484147
1.5049	24.8	1.174646091
1.5177	25.6	1.175281065
1.53	24.6	1.174484147
1.5427	25.4	1.175124202
1.5552	25	1.174806735
1.5678	25.2	1.174966098
1.5804	25.2	1.174966098
1.593	25.2	1.174966098
1.6054	24.8	1.174646091
1.6183	25.8	1.175436708
1.631	25.4	1.175124202
1.6438	25.6	1.175281065
1.6566	25.6	1.175281065
1.6697	26.2	1.175744407
1.6824	25.4	1.175124202
1.6954	26	1.175591149
1.7083	25.8	1.175436708
1.7212	25.8	1.175436708
1.7342	26	1.175591149
1.7473	26.2	1.175744407
1.7605	26.4	1.175896499
1.7734	25.8	1.175436708
1.7865	26.2	1.175744407
1.7993	25.6	1.175281065
1.8126	26.6	1.176047443
1.8259	26.6	1.176047443
1.8389	26	1.175591149
1.8522	26.6	1.176047443
1.8651	25.8	1.175436708
1.8784	26.6	1.176047443
1.8918	26.8	1.176197256
1.905	26.4	1.175896499
1.9179	25.8	1.175436708
1.9311	26.4	1.175896499
1.9445	26.8	1.176197256
1.9577	26.4	1.175896499
1.9711	26.8	1.176197256
1.9841	26	1.175591149
1.9973	26.4	1.175896499
2.0108	27	1.176345956
2.0241	26.6	1.176047443
2.0373	26.4	1.175896499
2.0505	26.4	1.175896499
2.0637	26.4	1.175896499
2.0772	27	1.176345956
2.0904	26.4	1.175896499
2.1037	26.6	1.176047443
2.1171	26.8	1.176197256
2.1303	26.4	1.175896499
2.1435	26.4	1.175896499
2.1568	26.6	1.176047443
2.1699	26.2	1.175744407
2.1833	26.8	1.176197256
2.1966	26.6	1.176047443
2.2099	26.6	1.176047443
2.2235	27.2	1.176493558
2.2364	25.8	1.175436708
2.2497	26.6	1.176047443
2.263	26.6	1.176047443
2.2765	27	1.176345956
2.2897	26.4	1.175896499
2.3029	26.4	1.175896499
2.3163	26.8	1.176197256
2.3294	26.2	1.175744407
2.3428	26.8	1.176197256
2.3562	26.8	1.176197256
2.3695	26.6	1.176047443
2.3826	26.2	1.175744407
2.3958	26.4	1.175896499
2.409	26.4	1.175896499
2.4224	26.8	1.176197256
2.4358	26.8	1.176197256
2.4488	26	1.175591149
2.4618	26	1.175591149
2.4756	27.6	1.176785534
2.4889	26.6	1.176047443
2.5017	25.6	1.175281065
2.5148	26.2	1.175744407
2.5283	27	1.176345956
2.5415	26.4	1.175896499
2.5546	26.2	1.175744407
2.5678	26.4	1.175896499
2.581	26.4	1.175896499
2.5943	26.6	1.176047443
2.6076	26.6	1.176047443
2.6208	26.4	1.175896499
2.634	26.4	1.175896499
2.6471	26.2	1.175744407
2.6603	26.4	1.175896499
2.6735	26.4	1.175896499
2.687	27	1.176345956
2.6997	25.4	1.175124202
2.7132	27	1.176345956
2.7261	25.8	1.175436708
2.7396	27	1.176345956
2.7396	#DIV/0!	1.17
